000000000
000000001
000000015
000000019
000000023
000000025
000000037
000000041
000000051
000000055
000000065
000000066
000000068
000000072
000000080
000000081
000000084
000000085
000000088
000000089
000000106
000000112
000000113
000000114
000000116
000000117
000000125
000000128
000000133
000000137
000000144
000000148
000000151
000000154
000000159
000000169
000000180
000000182
000000188
000000193
000000194
000000196
000000201
000000202
000000209
000000211
000000214
000000222
000000224
000000226
000000227
000000234
000000238
000000239
000000242
000000247
000000251
000000258
000000259
000000265
000000267
000000269
000000273
000000276
000000281
000000288
000000290
000000292
000000303
000000304
000000312
000000324
000000326
000000328
000000329
000000331
000000334
000000335
000000353
000000354
000000357
000000363
000000365
000000366
000000370
000000371
000000374
000000377
000000381
000000383
000000394
000000395
000000398
000000399
000000403
000000409
000000413
000000417
000000421
000000426
